192
878
2845
1430
3321
2685
33
696
3336
3294
1062
3460
712
1360
1820
67
853
2438
3722
3762
3220
3687
3216
642
1118
658
3413
827
2480
834
3493
884
3542
3237
3136
2703
2309
1102
1915
3651
3621
1434
3800
717
1039
1470
3382
2484
3828
734
3378
660
2214
3119
3609
701
139
763
3131
2869
3381
1134
3337
2308
2563
2235
3205
3065
1795
3085
868
3899
3151
641
823
3601
2254
3233
1149
1815
865
2172
3887
138
1832
3888
657
3277
3472
3353
3517
3297
2251
3212
1139
872
758
579
774
3772
2223
1364
127
2258
796
1764
3323
679
3209
1528
985
3779
624
3904
1107
3291
3295
2039
1070
1558
3522
3288
1830
3881
572
2277
3322
757
2556
977
3290
3126
2592
3748
3305
2578
887
545
3656
3575
3380
1386
3164
3315
1652
1561
3172
3187
1861
1842
3084
623
1852
3377
120
601
690
1773
311
3376
3314
3631
2811
1579
2960
975
3607
1316
1908
2999
3647
814
2213
3595
2299
895
1630
2887
133
2825
666
2955
3236
3485
1886
2217
582
820
3123
2343
749
3280
130
2584
2623
3229
584
607
2543
684
2619
1905
3890
396
1548
2226
989
226
981
2358
1851
634
3407
706
3202
401
687
3603
1142
530
3530
790
3057
2742
